{
  "Alpha" : 1.000000,
  "Colors" : [[1.000000, 1.000000, 1.000000, 1.000000], [0.500000, 0.500000, 0.500000, 1.000000], [0.219608, 0.219608, 0.219608, 1.000000], [0.000000, 0.000000, 0.000000, 0.000000], [0.080000, 0.080000, 0.080000, 0.940000], [0.430000, 0.430000, 0.500000, 0.500000], [0.000000, 0.000000, 0.000000, 0.000000], [0.156863, 0.156863, 0.156863, 1.000000], [0.164706, 0.164706, 0.164706, 1.000000], [0.164706, 0.164706, 0.164706, 1.000000], [0.078431, 0.078431, 0.078431, 1.000000], [0.078431, 0.078431, 0.078431, 1.000000], [0.000000, 0.000000, 0.000000, 0.510000], [0.140000, 0.140000, 0.140000, 1.000000], [0.020000, 0.020000, 0.020000, 0.530000], [0.310000, 0.310000, 0.310000, 1.000000], [0.410000, 0.410000, 0.410000, 1.000000], [0.510000, 0.510000, 0.510000, 1.000000], [0.258824, 0.588235, 0.980392, 1.000000], [0.600000, 0.600000, 0.600000, 1.000000], [1.000000, 1.000000, 1.000000, 1.000000], [0.345098, 0.345098, 0.345098, 1.000000], [0.462745, 0.462745, 0.462745, 1.000000], [0.484716, 0.480483, 0.480483, 1.000000], [0.301961, 0.301961, 0.301961, 1.000000], [0.362445, 0.362445, 0.362445, 1.000000], [0.393013, 0.393013, 0.393013, 1.000000], [0.164706, 0.164706, 0.164706, 0.501961], [0.449782, 0.449782, 0.449782, 0.780000], [0.476250, 0.480157, 0.484716, 1.000000], [0.258824, 0.588235, 0.980392, 0.200000], [0.325490, 0.325490, 0.360784, 1.000000], [0.325490, 0.325490, 0.360784, 1.000000], [1.000000, 1.000000, 1.000000, 1.000000], [0.188235, 0.188235, 0.188235, 0.800000], [0.078431, 0.078431, 0.078431, 0.862745], [0.235294, 0.235294, 0.235294, 1.000000], [0.258824, 0.588235, 0.980392, 0.066667], [0.078431, 0.078431, 0.078431, 0.972549], [0.078431, 0.078431, 0.078431, 1.000000], [0.501961, 0.501961, 0.501961, 0.000000], [0.078431, 0.078431, 0.078431, 0.701961], [0.200000, 0.200000, 0.200000, 1.000000], [0.611765, 0.611765, 0.611765, 1.000000], [1.000000, 0.431373, 0.349020, 1.000000], [0.900000, 0.700000, 0.000000, 1.000000], [1.000000, 0.600000, 0.000000, 1.000000], [0.188235, 0.188235, 0.200000, 1.000000], [0.309804, 0.309804, 0.349020, 1.000000], [0.231373, 0.231373, 0.250980, 1.000000], [0.000000, 0.000000, 0.000000, 0.000000], [1.000000, 1.000000, 1.000000, 0.058824], [0.258824, 0.588235, 0.980392, 1.000000], [0.258824, 0.588235, 0.980392, 0.349020], [0.431373, 0.431373, 0.501961, 0.501961], [0.078431, 0.078431, 0.078431, 0.901961], [0.000000, 0.000000, 0.000000, 0.000000], [1.000000, 1.000000, 1.000000, 1.000000], [0.258824, 0.588235, 0.980392, 1.000000], [1.000000, 1.000000, 1.000000, 0.700000], [0.800000, 0.800000, 0.800000, 0.200000], [0.800000, 0.800000, 0.800000, 0.350000]],
  "FrameBorderSize" : 0.000000,
  "FrameRounding" : 2.000000,
  "GrabRounding" : 10.000000,
  "ScrollbarRounding" : 10.000000,
  "WindowBorderSize" : 0.000000,
  "WindowRounding" : 0.000000
}